avgCross
7.87019 24.8227
7.87019 24.8227
7.87019 24.8227
7.87019 24.8227
7.87019 24.8227
7.87019 24.8227
7.87019 24.8227
7.87019 24.8227
7.87019 24.8227
7.87019 24.8227
7.87019 24.8227
7.87019 24.8227
7.87019 24.8227
7.87019 24.8227
7.86909 24.8278
7.86909 24.8278
7.86909 24.8278
7.86909 24.8278
7.86909 24.8278
7.86798 24.8325
7.85261 24.8523
7.85282 24.8526
7.85282 24.8526
7.85282 24.8526
7.85282 24.8526
7.85282 24.8526
7.85282 24.8526
7.85289 24.8527
7.85289 24.8527
7.85289 24.8527
7.85289 24.8527
7.85289 24.8527
7.85289 24.8527
7.85289 24.8527
7.85289 24.8527
7.85289 24.8527
7.85289 24.8527
7.85289 24.8527
7.85289 24.8527
7.85289 24.8527
7.85289 24.8527
7.85289 24.8527
7.85289 24.8527
7.85289 24.8527
7.85289 24.8527
7.85289 24.8527
7.85289 24.8527
7.85289 24.8527
7.85289 24.8527
7.85289 24.8527
7.85289 24.8527
7.85289 24.8527
7.85289 24.8527
7.85289 24.8527
7.85289 24.8527
7.85289 24.8527
7.85289 24.8527
7.85289 24.8527
7.85289 24.8527
7.85289 24.8527
7.85289 24.8527
7.85289 24.8527
7.85289 24.8527
7.85289 24.8527
7.85289 24.8527
7.85893 24.8545
7.85893 24.8545
7.85893 24.8545
7.85893 24.8545
7.85893 24.8545
7.85893 24.8545
7.85893 24.8545
7.85893 24.8545
7.85893 24.8545
7.85893 24.8545
7.85893 24.8545
7.85893 24.8545
7.85893 24.8545
7.85893 24.8545
7.85893 24.8545
7.85893 24.8545
7.85893 24.8545
7.85893 24.8545
7.85893 24.8545
7.85893 24.8545
7.85893 24.8545
7.85893 24.8545
7.85893 24.8545
7.85893 24.8545
7.85893 24.8545
7.85893 24.8545
7.85893 24.8545
7.85893 24.8545
7.85893 24.8545
7.85893 24.8545
7.85893 24.8545
7.85893 24.8545
7.85893 24.8545
7.85783 24.8551
7.85783 24.8551
