singleCross
7.87019 24.8227
7.87019 24.8227
7.87019 24.8227
7.85899 24.8545
7.85899 24.8545
7.8586 24.8547
7.8586 24.8547
7.85789 24.8551
7.85789 24.8551
7.85789 24.8551
7.85789 24.8551
7.85783 24.8551
7.85783 24.8551
7.85783 24.8551
7.85652 24.8554
7.85652 24.8554
7.85652 24.8554
7.85652 24.8554
7.85652 24.8554
7.85652 24.8554
7.85652 24.8554
7.85652 24.8554
7.85652 24.8554
7.85652 24.8554
7.85652 24.8554
7.85652 24.8554
7.85652 24.8554
7.85652 24.8554
7.85652 24.8554
7.85652 24.8554
7.85652 24.8554
7.85652 24.8554
7.85652 24.8554
7.85652 24.8554
7.85652 24.8554
7.85652 24.8554
7.85652 24.8554
7.85652 24.8554
7.85652 24.8554
7.85652 24.8554
7.85652 24.8554
7.85652 24.8554
7.85652 24.8554
7.85652 24.8554
7.85652 24.8554
7.85652 24.8554
7.85652 24.8554
7.85652 24.8554
7.85652 24.8554
7.85652 24.8554
7.85652 24.8554
7.85652 24.8554
7.85652 24.8554
7.85652 24.8554
7.85652 24.8554
7.85652 24.8554
7.85652 24.8554
7.85652 24.8554
7.85652 24.8554
7.85652 24.8554
7.85652 24.8554
7.85652 24.8554
7.85652 24.8554
7.85652 24.8554
7.85652 24.8554
7.85652 24.8554
7.85652 24.8554
7.85652 24.8554
7.85652 24.8554
7.8567 24.8554
7.8567 24.8554
7.8567 24.8554
7.8567 24.8554
7.8567 24.8554
7.8567 24.8554
7.85673 24.8554
7.85673 24.8554
7.85673 24.8554
7.85673 24.8554
7.85673 24.8554
7.85673 24.8554
7.85673 24.8554
7.85673 24.8554
7.85673 24.8554
7.85673 24.8554
7.85673 24.8554
7.85673 24.8554
7.85673 24.8554
7.85673 24.8554
7.85673 24.8554
7.85673 24.8554
7.85673 24.8554
7.85673 24.8554
7.85673 24.8554
7.85673 24.8554
7.85673 24.8554
7.85673 24.8554
7.85673 24.8554
7.85673 24.8554
7.85675 24.8554
