singleCross
7.87019 24.8227
7.87019 24.8227
7.87019 24.8227
7.87019 24.8227
7.87019 24.8227
7.87019 24.8227
7.87019 24.8227
7.87019 24.8227
7.87019 24.8227
7.87019 24.8227
7.87019 24.8227
7.87019 24.8227
7.87019 24.8227
7.87019 24.8227
7.87019 24.8227
7.87019 24.8227
7.87019 24.8227
7.87019 24.8227
7.87019 24.8227
7.87019 24.8227
7.87019 24.8227
7.87019 24.8227
7.87019 24.8227
7.87019 24.8227
7.87019 24.8227
7.87019 24.8227
7.87019 24.8227
7.87019 24.8227
7.87019 24.8227
7.87019 24.8227
7.87019 24.8227
7.87019 24.8227
7.87019 24.8227
7.87019 24.8227
7.87019 24.8227
7.87019 24.8227
7.87019 24.8227
7.87019 24.8227
7.87019 24.8227
7.87019 24.8227
7.87019 24.8227
7.87019 24.8227
7.87019 24.8227
7.87019 24.8227
7.87019 24.8227
7.87019 24.8227
7.87019 24.8227
7.87019 24.8227
7.87019 24.8227
7.87019 24.8227
7.87019 24.8227
7.87019 24.8227
7.87019 24.8227
7.87019 24.8227
7.87019 24.8227
7.87019 24.8227
7.87019 24.8227
7.87019 24.8227
7.87019 24.8227
7.87019 24.8227
7.87019 24.8227
7.87019 24.8227
7.87019 24.8227
7.87019 24.8227
7.87019 24.8227
7.87019 24.8227
7.87019 24.8227
7.87019 24.8227
7.87019 24.8227
7.87019 24.8227
7.87019 24.8227
7.87019 24.8227
7.87019 24.8227
7.87019 24.8227
7.87019 24.8227
7.87019 24.8227
7.87019 24.8227
7.87019 24.8227
7.87019 24.8227
7.87019 24.8227
7.87019 24.8227
7.87019 24.8227
7.87019 24.8227
7.87019 24.8227
7.87019 24.8227
7.87019 24.8227
7.87019 24.8227
7.87019 24.8227
7.87019 24.8227
7.87019 24.8227
7.87019 24.8227
7.87019 24.8227
7.87019 24.8227
7.87019 24.8227
7.87019 24.8227
7.87019 24.8227
7.87019 24.8227
7.87019 24.8227
7.87019 24.8227
7.87019 24.8227
