arithmeticCross
7.85934 24.8541
7.85934 24.8541
7.85934 24.8541
7.85934 24.8541
7.85934 24.8541
7.85934 24.8541
7.85934 24.8541
7.85934 24.8541
7.85934 24.8541
7.85934 24.8541
7.85934 24.8541
7.85934 24.8541
7.85934 24.8541
7.85934 24.8541
7.85934 24.8541
7.85934 24.8541
7.85934 24.8541
7.85934 24.8541
7.85934 24.8541
7.85934 24.8541
7.85934 24.8541
7.85934 24.8541
7.85934 24.8541
7.85934 24.8541
7.85934 24.8541
7.85934 24.8541
7.85934 24.8541
7.85934 24.8541
7.85934 24.8541
7.85934 24.8541
7.85934 24.8541
7.85934 24.8541
7.85934 24.8541
7.85934 24.8541
7.85934 24.8541
7.85934 24.8541
7.85934 24.8541
7.85934 24.8541
7.85934 24.8541
7.85934 24.8541
7.85934 24.8541
7.85934 24.8541
7.85934 24.8541
7.85934 24.8541
7.85934 24.8541
7.85934 24.8541
7.85934 24.8541
7.85934 24.8541
7.85934 24.8541
7.85934 24.8541
7.85934 24.8541
7.85934 24.8541
7.85934 24.8541
7.85934 24.8541
7.85934 24.8541
7.85934 24.8541
7.85934 24.8541
7.85934 24.8541
7.85934 24.8541
7.85934 24.8541
7.85934 24.8541
7.85934 24.8541
7.85934 24.8541
7.85934 24.8541
7.85934 24.8541
7.85934 24.8541
7.85934 24.8541
7.85934 24.8541
7.85934 24.8541
7.85934 24.8541
7.85934 24.8541
7.85934 24.8541
7.85934 24.8541
7.85934 24.8541
7.85934 24.8541
7.85934 24.8541
7.85934 24.8541
7.85934 24.8541
7.85934 24.8541
7.85934 24.8541
7.85934 24.8541
7.85934 24.8541
7.85934 24.8541
7.85934 24.8541
7.85934 24.8541
7.85934 24.8541
7.85934 24.8541
7.85934 24.8541
7.85934 24.8541
7.85934 24.8541
7.85934 24.8541
7.85934 24.8541
7.85934 24.8541
7.85934 24.8541
7.85934 24.8541
7.85934 24.8541
7.85934 24.8541
7.85934 24.8541
7.85934 24.8541
7.85934 24.8541
