generate0
7.03999 -5.90583
1.35995 10.9535
5.90241 -3.2143
2.48739 -4.86154
2.18561 -13.2243
1.636 17.8725
8.16138 10.8418
1.17046 -3.21988
4.17347 9.32626
8.89476 9.96003
3.03281 14.5555
5.56838 3.03624
2.69671 9.18513
4.35475 7.49022
3.34343 -0.2808
5.82015 -3.47848
3.39006 -2.25707
7.83047 24.7305
5.75144 -2.58736
5.36371 9.28042
2.09659 -10.1713
2.18261 -13.1628
3.75769 -2.30831
6.95912 -1.73877
5.35143 9.50275
4.43678 5.68114
1.65912 17.2674
5.50944 5.16418
4.2801 8.7452
2.90229 16.2406
1.98539 -3.44029
1.63958 17.7906
7.79577 24.1862
1.73738 13.9672
2.19013 -13.3114
2.00416 -4.74317
0.427673 7.88371
0.943879 -14.6959
4.3883 6.78165
7.16536 -8.86554
7.11626 -8.29772
8.6201 -6.07782
0.867566 -15.0644
1.97813 -2.9233
4.89664 4.03189
5.07175 8.24328
1.84049 7.35255
8.74228 -0.348925
5.76291 -2.79935
0.351452 11.3278
6.61831 18.1611
2.45909 -6.63235
3.11607 11.3521
5.91571 -3.02594
3.05281 13.9107
2.21637 -13.6798
8.44773 -6.44523
4.15214 9.23052
0.329733 12.0439
4.43713 5.67306
4.26371 8.93953
8.58129 -7.03052
2.50286 -3.84716
0.32269 12.2483
6.63926 17.4423
5.00644 6.69372
3.64797 -5.1527
1.28303 5.45182
1.24672 2.64879
2.58098 1.546
4.28654 8.65982
1.58329 18.555
6.79243 9.25434
5.25126 10.4041
2.21424 -13.6587
0.873 -15.1043
5.1903 10.1533
0.155136 12.8521
7.11945 -8.35881
8.92697 12.1419
7.40244 -0.571595
6.13461 5.17015
2.70483 9.65652
4.29244 8.5772
3.50128 -5.31907
7.36189 -3.11676
7.53037 8.96746
7.87019 24.8227
3.8967 2.87117
1.35818 10.8376
4.11642 8.90105
3.08109 12.8562
5.22532 10.3685
4.4024 6.46769
1.59871 18.4579
0.739637 -11.4264
3.60291 -5.70737
3.71656 -3.58269
8.63027 -5.7507
8.89735 10.1382
 
generate1
1.35818 10.8376
2.69671 9.18513
1.24672 2.64879
4.29244 8.5772
0.873 -15.1043
2.50286 -3.84716
4.29244 8.5772
2.19013 -13.3114
3.50128 -5.31907
1.97813 -2.9233
8.28674 1.58129
6.48765 19.8074
4.92732 4.73544
6.45928 19.5037
7.57111 12.1064
6.81345 7.8618
0.713258 -10.1178
2.54072 -1.26922
1.42889 14.9178
2.51235 -3.2122
7.57111 12.1064
5.23114 10.3859
6.95809 -1.67741
2.18655 -13.243
1.42889 14.9178
6.81345 7.8618
2.04191 -7.18468
2.18655 -13.243
8.28674 1.58129
3.76886 -1.92932
7.57111 12.1064
4.56345 3.0046
4.07268 8.21186
6.48765 19.8074
4.92732 4.73544
2.51235 -3.2122
1.42889 14.9178
4.43655 5.68652
7.36207 -3.10653
6.48765 19.8074
6.95809 -1.67741
5.10837 8.99448
1.63793 17.8289
3.8919 2.68896
4.07268 8.21186
5.33428 9.7737
1.9716 -2.45328
5.1081 8.98931
7.36207 -3.10653
3.8919 2.68894
0.713258 -10.1178
3.66572 -4.8241
7.0284 -5.39902
2.51235 -3.2122
8.28784 1.50656
6.48765 19.8074
1.9716 -2.45328
5.1081 8.98931
7.57111 12.1064
3.8919 2.68894
7.0284 -5.39902
5.1081 8.98931
4.92732 4.73544
3.8919 2.68894
0.71216 -10.06
5.23114 10.3859
1.63793 17.8289
5.1081 8.9893
1.9716 -2.45328
5.33428 9.7737
4.07268 8.21186
3.76832 -1.94822
7.0284 -5.39902
4.45495 5.26201
1.42889 14.9178
2.51235 -3.2122
1.98918 -3.70714
4.54505 3.33539
7.01082 -4.56746
5.23168 10.3872
7.17732 -8.88022
3.76832 -1.94822
7.36207 -3.10653
4.38464 6.86189
1.82268 8.62389
5.23168 10.3872
1.63793 17.8289
6.48765 19.8074
7.17732 -8.88022
4.61536 2.24862
7.36207 -3.1064
3.76832 -1.94822
7.57111 12.1064
4.38462 6.86226
1.42889 14.9178
0.11538 11.8373
1.98918 -3.70714
8.88462 9.2577
1.82268 8.62389
7.87019 24.8227
 
generate2
1.9716 -2.45328
1.42889 14.9178
7.57111 12.1064
7.87019 24.8227
7.17732 -8.88022
7.57111 12.1064
7.17732 -8.88022
5.1081 8.98931
7.0284 -5.39902
5.23168 10.3872
0.251552 13.5111
0.00922197 7.4654
7.85209 24.8514
8.99078 16.0975
8.61042 -6.36011
8.74845 0.0265653
0.251552 13.5111
1.14901 -4.78887
7.85099 24.8494
1.14901 -4.78887
8.74845 0.0265653
2.1298 -11.5964
7.85099 24.8494
0.251552 13.5111
1.1578 -4.15303
8.74845 0.0265653
0.251552 13.5111
0.00922197 7.4654
7.8422 24.8171
1.1578 -4.15303
7.8422 24.8171
6.89269 2.49456
8.4672 -6.9087
2.10731 -10.6661
4.62013 2.19411
6.89269 2.49456
0.389582 9.77416
8.99078 16.0975
0.532527 1.42686
2.10731 -10.6661
1.84862 6.75978
0.00922197 7.4654
1.16 -3.99248
7.84 24.8046
1.16001 -3.99123
8.99078 16.0975
7.15138 -8.78635
8.46747 -6.91434
0.532527 1.42686
8.46747 -6.91434
7.83999 24.8045
0.00922197 7.4654
6.34862 16.324
0.53239 1.43607
1.16001 -3.99123
8.46761 -6.91715
0.53239 1.43607
8.99078 16.0975
8.61042 -6.36011
8.8798 8.92258
7.84026 24.8062
8.46761 -6.91715
0.03474 8.69554
8.96526 14.5896
0.03474 8.69554
0.532664 1.41764
8.96529 14.5917
0.0347056 8.69395
2.65138 6.35901
8.96529 14.5917
0.389582 9.77416
0.00922197 7.4654
0.0347056 8.69395
8.99074 16.0955
8.96529 14.5917
8.46734 -6.91153
0.0347056 8.69395
0.0092563 7.46711
6.34862 16.324
8.99074 16.0955
8.96529 14.5917
0.0347056 8.69395
8.96529 14.5917
7.45525 3.18294
8.61042 -6.36011
0.0347056 8.69395
8.96529 14.5917
0.0092563 7.46711
0.0347056 8.69395
8.99074 16.0955
8.96529 14.5917
1.54475 18.4221
0.530207 1.58237
7.45526 3.18326
0.0347056 8.69395
0.532664 1.41764
8.46734 -6.91153
0.0092563 7.46711
0.532664 1.41764
7.87019 24.8227
 
